{"cells":[{"cell_type":"code","execution_count":1,"metadata":{"colab":{"base_uri":"https://localhost:8080/","height":1000},"executionInfo":{"elapsed":12467,"status":"ok","timestamp":1689781048983,"user":{"displayName":"Alex Wolff","userId":"15076627716059408107"},"user_tz":300},"id":"g6VzihVOt-_1","outputId":"4bdc2a53-c771-4196-962e-bdf4721315c3"},"outputs":[{"name":"stdout","output_type":"stream","text":["Drive already mounted at /content/drive; to attempt to forcibly remount, call drive.mount(\"/content/drive\", force_remount=True).\n"]},{"data":{"text/html":["\n","\n","  <div id=\"df-5ab5e746-419f-4d43-a04e-5a3b9e1b5bfb\">\n","    <div class=\"colab-df-container\">\n","      <div>\n","<style scoped>\n","    .dataframe tbody tr th:only-of-type {\n","        vertical-align: middle;\n","    }\n","\n","    .dataframe tbody tr th {\n","        vertical-align: top;\n","    }\n","\n","    .dataframe thead th {\n","        text-align: right;\n","    }\n","</style>\n","<table border=\"1\" class=\"dataframe\">\n","  <thead>\n","    <tr style=\"text-align: right;\">\n","      <th></th>\n","      <th>Lot Number</th>\n","      <th>K_a</th>\n","      <th>K_d</th>\n","      <th>K_D</th>\n","    </tr>\n","    <tr>\n","      <th>Clone ID</th>\n","      <th></th>\n","      <th></th>\n","      <th></th>\n","      <th></th>\n","    </tr>\n","  </thead>\n","  <tbody>\n","    <tr>\n","      <th>B0077-C01-A03</th>\n","      <td>027</td>\n","      <td>8.530626e+05</td>\n","      <td>0.001935</td>\n","      <td>198.993459</td>\n","    </tr>\n","    <tr>\n","      <th>B0077-C01-B10</th>\n","      <td>029</td>\n","      <td>6.542965e+05</td>\n","      <td>0.000054</td>\n","      <td>168.385682</td>\n","    </tr>\n","    <tr>\n","      <th>B0077-C01-G02</th>\n","      <td>033</td>\n","      <td>7.106983e+05</td>\n","      <td>0.003911</td>\n","      <td>156.406396</td>\n","    </tr>\n","    <tr>\n","      <th>B0077-C03-D07</th>\n","      <td>041</td>\n","      <td>4.286998e+05</td>\n","      <td>0.000875</td>\n","      <td>264.493093</td>\n","    </tr>\n","    <tr>\n","      <th>B0078-C01-A06</th>\n","      <td>046</td>\n","      <td>3.039086e+05</td>\n","      <td>0.000441</td>\n","      <td>197.194545</td>\n","    </tr>\n","    <tr>\n","      <th>B0077-C01-A05</th>\n","      <td>096</td>\n","      <td>1.120493e+06</td>\n","      <td>0.002695</td>\n","      <td>161.358705</td>\n","    </tr>\n","    <tr>\n","      <th>B0077-C01-B10</th>\n","      <td>097</td>\n","      <td>1.108395e+06</td>\n","      <td>0.000020</td>\n","      <td>116.796455</td>\n","    </tr>\n","    <tr>\n","      <th>B0077-C01-G02</th>\n","      <td>101</td>\n","      <td>6.837184e+05</td>\n","      <td>0.002411</td>\n","      <td>307.643944</td>\n","    </tr>\n","    <tr>\n","      <th>B0078-C01-A06</th>\n","      <td>112</td>\n","      <td>2.113961e+05</td>\n","      <td>0.000435</td>\n","      <td>241.095654</td>\n","    </tr>\n","    <tr>\n","      <th>B0131-C01-A05</th>\n","      <td>184</td>\n","      <td>3.718038e+05</td>\n","      <td>0.035127</td>\n","      <td>521.422665</td>\n","    </tr>\n","    <tr>\n","      <th>B0131-C01-A08</th>\n","      <td>185</td>\n","      <td>2.454712e+06</td>\n","      <td>0.003305</td>\n","      <td>72.760264</td>\n","    </tr>\n","    <tr>\n","      <th>B0131-C01-A12</th>\n","      <td>186</td>\n","      <td>2.045889e+06</td>\n","      <td>0.000203</td>\n","      <td>58.079447</td>\n","    </tr>\n","    <tr>\n","      <th>B0131-C01-B04</th>\n","      <td>187</td>\n","      <td>1.090106e+06</td>\n","      <td>0.000010</td>\n","      <td>116.182383</td>\n","    </tr>\n","    <tr>\n","      <th>B0131-C01-E04</th>\n","      <td>192</td>\n","      <td>9.377912e+05</td>\n","      <td>0.133643</td>\n","      <td>260.593726</td>\n","    </tr>\n","    <tr>\n","      <th>B0131-C01-F02</th>\n","      <td>194</td>\n","      <td>1.446574e+06</td>\n","      <td>0.196331</td>\n","      <td>55.365369</td>\n","    </tr>\n","    <tr>\n","      <th>B0131-C01-F04</th>\n","      <td>195</td>\n","      <td>1.206398e+05</td>\n","      <td>0.012763</td>\n","      <td>328.028406</td>\n","    </tr>\n","    <tr>\n","      <th>B0131-C01-H02</th>\n","      <td>197</td>\n","      <td>5.131699e+05</td>\n","      <td>0.000025</td>\n","      <td>98.234647</td>\n","    </tr>\n","    <tr>\n","      <th>B0131-C01-H06</th>\n","      <td>198</td>\n","      <td>9.626774e+05</td>\n","      <td>0.000049</td>\n","      <td>83.978693</td>\n","    </tr>\n","    <tr>\n","      <th>B0131-C02-A07</th>\n","      <td>202</td>\n","      <td>8.973862e+05</td>\n","      <td>0.000182</td>\n","      <td>23.815036</td>\n","    </tr>\n","    <tr>\n","      <th>B0131-C02-B04</th>\n","      <td>205</td>\n","      <td>3.103371e+06</td>\n","      <td>0.000485</td>\n","      <td>33.541468</td>\n","    </tr>\n","    <tr>\n","      <th>B0131-C02-B05</th>\n","      <td>206</td>\n","      <td>1.102637e+06</td>\n","      <td>0.043358</td>\n","      <td>77.446925</td>\n","    </tr>\n","    <tr>\n","      <th>B0131-C02-D03</th>\n","      <td>208</td>\n","      <td>1.944932e+06</td>\n","      <td>0.000916</td>\n","      <td>188.278512</td>\n","    </tr>\n","    <tr>\n","      <th>B0131-C03-E07</th>\n","      <td>211</td>\n","      <td>2.238320e+06</td>\n","      <td>0.000010</td>\n","      <td>43.162508</td>\n","    </tr>\n","    <tr>\n","      <th>B0131-C03-F04</th>\n","      <td>212</td>\n","      <td>2.869700e+05</td>\n","      <td>0.000010</td>\n","      <td>14.686810</td>\n","    </tr>\n","    <tr>\n","      <th>B0131-C03-F09</th>\n","      <td>213</td>\n","      <td>3.779364e+04</td>\n","      <td>0.000729</td>\n","      <td>365.962210</td>\n","    </tr>\n","    <tr>\n","      <th>B0084-C01-A02</th>\n","      <td>216</td>\n","      <td>1.811332e+06</td>\n","      <td>0.000985</td>\n","      <td>23.181355</td>\n","    </tr>\n","    <tr>\n","      <th>B0084-C01-A03</th>\n","      <td>217</td>\n","      <td>2.953458e+05</td>\n","      <td>0.000015</td>\n","      <td>316.860874</td>\n","    </tr>\n","    <tr>\n","      <th>B0084-C01-B01</th>\n","      <td>218</td>\n","      <td>7.625197e+05</td>\n","      <td>0.001792</td>\n","      <td>422.729093</td>\n","    </tr>\n","    <tr>\n","      <th>B0084-C01-B02</th>\n","      <td>219</td>\n","      <td>3.155481e+05</td>\n","      <td>0.000015</td>\n","      <td>2303.887176</td>\n","    </tr>\n","    <tr>\n","      <th>B0084-C01-C01</th>\n","      <td>220</td>\n","      <td>4.458164e+05</td>\n","      <td>0.006825</td>\n","      <td>536.252682</td>\n","    </tr>\n","    <tr>\n","      <th>B0084-C02-A01</th>\n","      <td>222</td>\n","      <td>4.104733e+05</td>\n","      <td>0.000570</td>\n","      <td>366.350346</td>\n","    </tr>\n","    <tr>\n","      <th>B0084-C02-A02</th>\n","      <td>223</td>\n","      <td>1.995494e+06</td>\n","      <td>0.000631</td>\n","      <td>46.161380</td>\n","    </tr>\n","    <tr>\n","      <th>B0084-C02-A04</th>\n","      <td>224</td>\n","      <td>5.204080e+05</td>\n","      <td>0.000010</td>\n","      <td>666.647456</td>\n","    </tr>\n","    <tr>\n","      <th>B0084-C02-A07</th>\n","      <td>226</td>\n","      <td>1.851841e+06</td>\n","      <td>0.000060</td>\n","      <td>55.535441</td>\n","    </tr>\n","  </tbody>\n","</table>\n","</div>\n","      <button class=\"colab-df-convert\" onclick=\"convertToInteractive('df-5ab5e746-419f-4d43-a04e-5a3b9e1b5bfb')\"\n","              title=\"Convert this dataframe to an interactive table.\"\n","              style=\"display:none;\">\n","\n","  <svg xmlns=\"http://www.w3.org/2000/svg\" height=\"24px\"viewBox=\"0 0 24 24\"\n","       width=\"24px\">\n","    <path d=\"M0 0h24v24H0V0z\" fill=\"none\"/>\n","    <path d=\"M18.56 5.44l.94 2.06.94-2.06 2.06-.94-2.06-.94-.94-2.06-.94 2.06-2.06.94zm-11 1L8.5 8.5l.94-2.06 2.06-.94-2.06-.94L8.5 2.5l-.94 2.06-2.06.94zm10 10l.94 2.06.94-2.06 2.06-.94-2.06-.94-.94-2.06-.94 2.06-2.06.94z\"/><path d=\"M17.41 7.96l-1.37-1.37c-.4-.4-.92-.59-1.43-.59-.52 0-1.04.2-1.43.59L10.3 9.45l-7.72 7.72c-.78.78-.78 2.05 0 2.83L4 21.41c.39.39.9.59 1.41.59.51 0 1.02-.2 1.41-.59l7.78-7.78 2.81-2.81c.8-.78.8-2.07 0-2.86zM5.41 20L4 18.59l7.72-7.72 1.47 1.35L5.41 20z\"/>\n","  </svg>\n","      </button>\n","\n","\n","\n","    <div id=\"df-de71241b-b1c3-4017-b499-362a25e71ef2\">\n","      <button class=\"colab-df-quickchart\" onclick=\"quickchart('df-de71241b-b1c3-4017-b499-362a25e71ef2')\"\n","              title=\"Suggest charts.\"\n","              style=\"display:none;\">\n","\n","<svg xmlns=\"http://www.w3.org/2000/svg\" height=\"24px\"viewBox=\"0 0 24 24\"\n","     width=\"24px\">\n","    <g>\n","        <path d=\"M19 3H5c-1.1 0-2 .9-2 2v14c0 1.1.9 2 2 2h14c1.1 0 2-.9 2-2V5c0-1.1-.9-2-2-2zM9 17H7v-7h2v7zm4 0h-2V7h2v10zm4 0h-2v-4h2v4z\"/>\n","    </g>\n","</svg>\n","      </button>\n","    </div>\n","\n","<style>\n","  .colab-df-quickchart {\n","    background-color: #E8F0FE;\n","    border: none;\n","    border-radius: 50%;\n","    cursor: pointer;\n","    display: none;\n","    fill: #1967D2;\n","    height: 32px;\n","    padding: 0 0 0 0;\n","    width: 32px;\n","  }\n","\n","  .colab-df-quickchart:hover {\n","    background-color: #E2EBFA;\n","    box-shadow: 0px 1px 2px rgba(60, 64, 67, 0.3), 0px 1px 3px 1px rgba(60, 64, 67, 0.15);\n","    fill: #174EA6;\n","  }\n","\n","  [theme=dark] .colab-df-quickchart {\n","    background-color: #3B4455;\n","    fill: #D2E3FC;\n","  }\n","\n","  [theme=dark] .colab-df-quickchart:hover {\n","    background-color: #434B5C;\n","    box-shadow: 0px 1px 3px 1px rgba(0, 0, 0, 0.15);\n","    filter: drop-shadow(0px 1px 2px rgba(0, 0, 0, 0.3));\n","    fill: #FFFFFF;\n","  }\n","</style>\n","\n","    <script>\n","      async function quickchart(key) {\n","        const containerElement = document.querySelector('#' + key);\n","        const charts = await google.colab.kernel.invokeFunction(\n","            'suggestCharts', [key], {});\n","      }\n","    </script>\n","\n","      <script>\n","\n","function displayQuickchartButton(domScope) {\n","  let quickchartButtonEl =\n","    domScope.querySelector('#df-de71241b-b1c3-4017-b499-362a25e71ef2 button.colab-df-quickchart');\n","  quickchartButtonEl.style.display =\n","    google.colab.kernel.accessAllowed ? 'block' : 'none';\n","}\n","\n","        displayQuickchartButton(document);\n","      </script>\n","      <style>\n","    .colab-df-container {\n","      display:flex;\n","      flex-wrap:wrap;\n","      gap: 12px;\n","    }\n","\n","    .colab-df-convert {\n","      background-color: #E8F0FE;\n","      border: none;\n","      border-radius: 50%;\n","      cursor: pointer;\n","      display: none;\n","      fill: #1967D2;\n","      height: 32px;\n","      padding: 0 0 0 0;\n","      width: 32px;\n","    }\n","\n","    .colab-df-convert:hover {\n","      background-color: #E2EBFA;\n","      box-shadow: 0px 1px 2px rgba(60, 64, 67, 0.3), 0px 1px 3px 1px rgba(60, 64, 67, 0.15);\n","      fill: #174EA6;\n","    }\n","\n","    [theme=dark] .colab-df-convert {\n","      background-color: #3B4455;\n","      fill: #D2E3FC;\n","    }\n","\n","    [theme=dark] .colab-df-convert:hover {\n","      background-color: #434B5C;\n","      box-shadow: 0px 1px 3px 1px rgba(0, 0, 0, 0.15);\n","      filter: drop-shadow(0px 1px 2px rgba(0, 0, 0, 0.3));\n","      fill: #FFFFFF;\n","    }\n","  </style>\n","\n","      <script>\n","        const buttonEl =\n","          document.querySelector('#df-5ab5e746-419f-4d43-a04e-5a3b9e1b5bfb button.colab-df-convert');\n","        buttonEl.style.display =\n","          google.colab.kernel.accessAllowed ? 'block' : 'none';\n","\n","        async function convertToInteractive(key) {\n","          const element = document.querySelector('#df-5ab5e746-419f-4d43-a04e-5a3b9e1b5bfb');\n","          const dataTable =\n","            await google.colab.kernel.invokeFunction('convertToInteractive',\n","                                                     [key], {});\n","          if (!dataTable) return;\n","\n","          const docLinkHtml = 'Like what you see? Visit the ' +\n","            '<a target=\"_blank\" href=https://colab.research.google.com/notebooks/data_table.ipynb>data table notebook</a>'\n","            + ' to learn more about interactive tables.';\n","          element.innerHTML = '';\n","          dataTable['output_type'] = 'display_data';\n","          await google.colab.output.renderOutput(dataTable, element);\n","          const docLink = document.createElement('div');\n","          docLink.innerHTML = docLinkHtml;\n","          element.appendChild(docLink);\n","        }\n","      </script>\n","    </div>\n","  </div>\n"],"text/plain":["              Lot Number           K_a       K_d          K_D\n","Clone ID                                                     \n","B0077-C01-A03        027  8.530626e+05  0.001935   198.993459\n","B0077-C01-B10        029  6.542965e+05  0.000054   168.385682\n","B0077-C01-G02        033  7.106983e+05  0.003911   156.406396\n","B0077-C03-D07        041  4.286998e+05  0.000875   264.493093\n","B0078-C01-A06        046  3.039086e+05  0.000441   197.194545\n","B0077-C01-A05        096  1.120493e+06  0.002695   161.358705\n","B0077-C01-B10        097  1.108395e+06  0.000020   116.796455\n","B0077-C01-G02        101  6.837184e+05  0.002411   307.643944\n","B0078-C01-A06        112  2.113961e+05  0.000435   241.095654\n","B0131-C01-A05        184  3.718038e+05  0.035127   521.422665\n","B0131-C01-A08        185  2.454712e+06  0.003305    72.760264\n","B0131-C01-A12        186  2.045889e+06  0.000203    58.079447\n","B0131-C01-B04        187  1.090106e+06  0.000010   116.182383\n","B0131-C01-E04        192  9.377912e+05  0.133643   260.593726\n","B0131-C01-F02        194  1.446574e+06  0.196331    55.365369\n","B0131-C01-F04        195  1.206398e+05  0.012763   328.028406\n","B0131-C01-H02        197  5.131699e+05  0.000025    98.234647\n","B0131-C01-H06        198  9.626774e+05  0.000049    83.978693\n","B0131-C02-A07        202  8.973862e+05  0.000182    23.815036\n","B0131-C02-B04        205  3.103371e+06  0.000485    33.541468\n","B0131-C02-B05        206  1.102637e+06  0.043358    77.446925\n","B0131-C02-D03        208  1.944932e+06  0.000916   188.278512\n","B0131-C03-E07        211  2.238320e+06  0.000010    43.162508\n","B0131-C03-F04        212  2.869700e+05  0.000010    14.686810\n","B0131-C03-F09        213  3.779364e+04  0.000729   365.962210\n","B0084-C01-A02        216  1.811332e+06  0.000985    23.181355\n","B0084-C01-A03        217  2.953458e+05  0.000015   316.860874\n","B0084-C01-B01        218  7.625197e+05  0.001792   422.729093\n","B0084-C01-B02        219  3.155481e+05  0.000015  2303.887176\n","B0084-C01-C01        220  4.458164e+05  0.006825   536.252682\n","B0084-C02-A01        222  4.104733e+05  0.000570   366.350346\n","B0084-C02-A02        223  1.995494e+06  0.000631    46.161380\n","B0084-C02-A04        224  5.204080e+05  0.000010   666.647456\n","B0084-C02-A07        226  1.851841e+06  0.000060    55.535441"]},"metadata":{},"output_type":"display_data"}],"source":["import numpy as np\n","import pandas as pd\n","import matplotlib.pyplot as plt\n","import seaborn as sns\n","sns.set()\n","\n","from google.colab import drive\n","drive.mount('/content/drive')\n","\n","#Importing Cartera Data\n","dataset = '/content/drive/MyDrive/Kinetics/Rat_and_Rabbit_Processed_3rd_Crop_Final_27Feb23.xlsx'\n","dataset = pd.read_excel(dataset, sheet_name='Kinetic Tables')\n","dataset.drop(labels='Unnamed: 0', axis=1, inplace=True)\n","dataset.drop(2, inplace=True)\n","dataset.dropna(inplace=True)\n","dataset.columns.values[1]='Lot Number'\n","dataset.columns.values[3]='K_a'\n","dataset.columns.values[5]='K_d'\n","dataset.columns.values[8]='K_D'\n","for i in dataset['Lot Number']:\n","  dataset['Lot Number'] = dataset['Lot Number'].replace([i], i[-3:])\n","\n","#Creating the Table for the Averages for Catera Data\n","avg = pd.pivot_table(data=dataset, index='Lot Number',\n","                     values=['K_a', 'K_d', 'K_D'], aggfunc = 'mean')\n","\n","#Importing Lot Numbers\n","lot_number = '/content/drive/MyDrive/Kinetics/Lot_numbers.xlsx'\n","lot_number = pd.read_excel(lot_number, sheet_name='Sheet2', usecols=['Lot Number', 'Clone ID'])\n","\n","#formating Lot Number\n","for i in lot_number['Lot Number']:\n","  lot_number['Lot Number'] = lot_number['Lot Number'].replace([i], i[-3:])\n","lot_number.set_index('Lot Number', inplace=True)\n","\n","\n","#Mergin and organizing the Two DataFrames\n","merge = pd.concat([avg, lot_number], axis=1)\n","merge.dropna(inplace=True)\n","merge=merge.reset_index().set_index('Clone ID')\n","merge=merge.loc[:,['Lot Number', 'K_a', 'K_d', 'K_D']]\n","\n","#Saving the DataFrame\n","merge.to_csv('/content/drive/MyDrive/Carterra.csv')\n","\n","display(merge)"]},{"cell_type":"code","execution_count":2,"metadata":{"colab":{"base_uri":"https://localhost:8080/","height":1000},"executionInfo":{"elapsed":183,"status":"ok","timestamp":1689781085183,"user":{"displayName":"Alex Wolff","userId":"15076627716059408107"},"user_tz":300},"id":"u0wIUK_KzRHI","outputId":"ca22d6d2-5a59-45d2-a2b3-8292b11829d4"},"outputs":[{"data":{"text/html":["\n","\n","  <div id=\"df-0a90c154-1db0-4a96-9784-19cdb345ad62\">\n","    <div class=\"colab-df-container\">\n","      <div>\n","<style scoped>\n","    .dataframe tbody tr th:only-of-type {\n","        vertical-align: middle;\n","    }\n","\n","    .dataframe tbody tr th {\n","        vertical-align: top;\n","    }\n","\n","    .dataframe thead th {\n","        text-align: right;\n","    }\n","</style>\n","<table border=\"1\" class=\"dataframe\">\n","  <thead>\n","    <tr style=\"text-align: right;\">\n","      <th></th>\n","      <th>K_D</th>\n","      <th>K_a</th>\n","      <th>K_d</th>\n","    </tr>\n","    <tr>\n","      <th>Lot Number</th>\n","      <th></th>\n","      <th></th>\n","      <th></th>\n","    </tr>\n","  </thead>\n","  <tbody>\n","    <tr>\n","      <th>027</th>\n","      <td>198.993459</td>\n","      <td>8.530626e+05</td>\n","      <td>0.001935</td>\n","    </tr>\n","    <tr>\n","      <th>029</th>\n","      <td>168.385682</td>\n","      <td>6.542965e+05</td>\n","      <td>0.000054</td>\n","    </tr>\n","    <tr>\n","      <th>033</th>\n","      <td>156.406396</td>\n","      <td>7.106983e+05</td>\n","      <td>0.003911</td>\n","    </tr>\n","    <tr>\n","      <th>041</th>\n","      <td>264.493093</td>\n","      <td>4.286998e+05</td>\n","      <td>0.000875</td>\n","    </tr>\n","    <tr>\n","      <th>046</th>\n","      <td>197.194545</td>\n","      <td>3.039086e+05</td>\n","      <td>0.000441</td>\n","    </tr>\n","    <tr>\n","      <th>096</th>\n","      <td>161.358705</td>\n","      <td>1.120493e+06</td>\n","      <td>0.002695</td>\n","    </tr>\n","    <tr>\n","      <th>097</th>\n","      <td>116.796455</td>\n","      <td>1.108395e+06</td>\n","      <td>0.000020</td>\n","    </tr>\n","    <tr>\n","      <th>101</th>\n","      <td>307.643944</td>\n","      <td>6.837184e+05</td>\n","      <td>0.002411</td>\n","    </tr>\n","    <tr>\n","      <th>112</th>\n","      <td>241.095654</td>\n","      <td>2.113961e+05</td>\n","      <td>0.000435</td>\n","    </tr>\n","    <tr>\n","      <th>184</th>\n","      <td>521.422665</td>\n","      <td>3.718038e+05</td>\n","      <td>0.035127</td>\n","    </tr>\n","    <tr>\n","      <th>185</th>\n","      <td>72.760264</td>\n","      <td>2.454712e+06</td>\n","      <td>0.003305</td>\n","    </tr>\n","    <tr>\n","      <th>186</th>\n","      <td>58.079447</td>\n","      <td>2.045889e+06</td>\n","      <td>0.000203</td>\n","    </tr>\n","    <tr>\n","      <th>187</th>\n","      <td>116.182383</td>\n","      <td>1.090106e+06</td>\n","      <td>0.000010</td>\n","    </tr>\n","    <tr>\n","      <th>192</th>\n","      <td>260.593726</td>\n","      <td>9.377912e+05</td>\n","      <td>0.133643</td>\n","    </tr>\n","    <tr>\n","      <th>194</th>\n","      <td>55.365369</td>\n","      <td>1.446574e+06</td>\n","      <td>0.196331</td>\n","    </tr>\n","    <tr>\n","      <th>195</th>\n","      <td>328.028406</td>\n","      <td>1.206398e+05</td>\n","      <td>0.012763</td>\n","    </tr>\n","    <tr>\n","      <th>197</th>\n","      <td>98.234647</td>\n","      <td>5.131699e+05</td>\n","      <td>0.000025</td>\n","    </tr>\n","    <tr>\n","      <th>198</th>\n","      <td>83.978693</td>\n","      <td>9.626774e+05</td>\n","      <td>0.000049</td>\n","    </tr>\n","    <tr>\n","      <th>202</th>\n","      <td>23.815036</td>\n","      <td>8.973862e+05</td>\n","      <td>0.000182</td>\n","    </tr>\n","    <tr>\n","      <th>205</th>\n","      <td>33.541468</td>\n","      <td>3.103371e+06</td>\n","      <td>0.000485</td>\n","    </tr>\n","    <tr>\n","      <th>206</th>\n","      <td>77.446925</td>\n","      <td>1.102637e+06</td>\n","      <td>0.043358</td>\n","    </tr>\n","    <tr>\n","      <th>208</th>\n","      <td>188.278512</td>\n","      <td>1.944932e+06</td>\n","      <td>0.000916</td>\n","    </tr>\n","    <tr>\n","      <th>211</th>\n","      <td>43.162508</td>\n","      <td>2.238320e+06</td>\n","      <td>0.000010</td>\n","    </tr>\n","    <tr>\n","      <th>212</th>\n","      <td>14.686810</td>\n","      <td>2.869700e+05</td>\n","      <td>0.000010</td>\n","    </tr>\n","    <tr>\n","      <th>213</th>\n","      <td>365.962210</td>\n","      <td>3.779364e+04</td>\n","      <td>0.000729</td>\n","    </tr>\n","    <tr>\n","      <th>216</th>\n","      <td>23.181355</td>\n","      <td>1.811332e+06</td>\n","      <td>0.000985</td>\n","    </tr>\n","    <tr>\n","      <th>217</th>\n","      <td>316.860874</td>\n","      <td>2.953458e+05</td>\n","      <td>0.000015</td>\n","    </tr>\n","    <tr>\n","      <th>218</th>\n","      <td>422.729093</td>\n","      <td>7.625197e+05</td>\n","      <td>0.001792</td>\n","    </tr>\n","    <tr>\n","      <th>219</th>\n","      <td>2303.887176</td>\n","      <td>3.155481e+05</td>\n","      <td>0.000015</td>\n","    </tr>\n","    <tr>\n","      <th>220</th>\n","      <td>536.252682</td>\n","      <td>4.458164e+05</td>\n","      <td>0.006825</td>\n","    </tr>\n","    <tr>\n","      <th>222</th>\n","      <td>366.350346</td>\n","      <td>4.104733e+05</td>\n","      <td>0.000570</td>\n","    </tr>\n","    <tr>\n","      <th>223</th>\n","      <td>46.161380</td>\n","      <td>1.995494e+06</td>\n","      <td>0.000631</td>\n","    </tr>\n","    <tr>\n","      <th>224</th>\n","      <td>666.647456</td>\n","      <td>5.204080e+05</td>\n","      <td>0.000010</td>\n","    </tr>\n","    <tr>\n","      <th>226</th>\n","      <td>55.535441</td>\n","      <td>1.851841e+06</td>\n","      <td>0.000060</td>\n","    </tr>\n","  </tbody>\n","</table>\n","</div>\n","      <button class=\"colab-df-convert\" onclick=\"convertToInteractive('df-0a90c154-1db0-4a96-9784-19cdb345ad62')\"\n","              title=\"Convert this dataframe to an interactive table.\"\n","              style=\"display:none;\">\n","\n","  <svg xmlns=\"http://www.w3.org/2000/svg\" height=\"24px\"viewBox=\"0 0 24 24\"\n","       width=\"24px\">\n","    <path d=\"M0 0h24v24H0V0z\" fill=\"none\"/>\n","    <path d=\"M18.56 5.44l.94 2.06.94-2.06 2.06-.94-2.06-.94-.94-2.06-.94 2.06-2.06.94zm-11 1L8.5 8.5l.94-2.06 2.06-.94-2.06-.94L8.5 2.5l-.94 2.06-2.06.94zm10 10l.94 2.06.94-2.06 2.06-.94-2.06-.94-.94-2.06-.94 2.06-2.06.94z\"/><path d=\"M17.41 7.96l-1.37-1.37c-.4-.4-.92-.59-1.43-.59-.52 0-1.04.2-1.43.59L10.3 9.45l-7.72 7.72c-.78.78-.78 2.05 0 2.83L4 21.41c.39.39.9.59 1.41.59.51 0 1.02-.2 1.41-.59l7.78-7.78 2.81-2.81c.8-.78.8-2.07 0-2.86zM5.41 20L4 18.59l7.72-7.72 1.47 1.35L5.41 20z\"/>\n","  </svg>\n","      </button>\n","\n","\n","\n","    <div id=\"df-76d362cb-6eb7-4e30-82ca-4a90f3407fe3\">\n","      <button class=\"colab-df-quickchart\" onclick=\"quickchart('df-76d362cb-6eb7-4e30-82ca-4a90f3407fe3')\"\n","              title=\"Suggest charts.\"\n","              style=\"display:none;\">\n","\n","<svg xmlns=\"http://www.w3.org/2000/svg\" height=\"24px\"viewBox=\"0 0 24 24\"\n","     width=\"24px\">\n","    <g>\n","        <path d=\"M19 3H5c-1.1 0-2 .9-2 2v14c0 1.1.9 2 2 2h14c1.1 0 2-.9 2-2V5c0-1.1-.9-2-2-2zM9 17H7v-7h2v7zm4 0h-2V7h2v10zm4 0h-2v-4h2v4z\"/>\n","    </g>\n","</svg>\n","      </button>\n","    </div>\n","\n","<style>\n","  .colab-df-quickchart {\n","    background-color: #E8F0FE;\n","    border: none;\n","    border-radius: 50%;\n","    cursor: pointer;\n","    display: none;\n","    fill: #1967D2;\n","    height: 32px;\n","    padding: 0 0 0 0;\n","    width: 32px;\n","  }\n","\n","  .colab-df-quickchart:hover {\n","    background-color: #E2EBFA;\n","    box-shadow: 0px 1px 2px rgba(60, 64, 67, 0.3), 0px 1px 3px 1px rgba(60, 64, 67, 0.15);\n","    fill: #174EA6;\n","  }\n","\n","  [theme=dark] .colab-df-quickchart {\n","    background-color: #3B4455;\n","    fill: #D2E3FC;\n","  }\n","\n","  [theme=dark] .colab-df-quickchart:hover {\n","    background-color: #434B5C;\n","    box-shadow: 0px 1px 3px 1px rgba(0, 0, 0, 0.15);\n","    filter: drop-shadow(0px 1px 2px rgba(0, 0, 0, 0.3));\n","    fill: #FFFFFF;\n","  }\n","</style>\n","\n","    <script>\n","      async function quickchart(key) {\n","        const containerElement = document.querySelector('#' + key);\n","        const charts = await google.colab.kernel.invokeFunction(\n","            'suggestCharts', [key], {});\n","      }\n","    </script>\n","\n","      <script>\n","\n","function displayQuickchartButton(domScope) {\n","  let quickchartButtonEl =\n","    domScope.querySelector('#df-76d362cb-6eb7-4e30-82ca-4a90f3407fe3 button.colab-df-quickchart');\n","  quickchartButtonEl.style.display =\n","    google.colab.kernel.accessAllowed ? 'block' : 'none';\n","}\n","\n","        displayQuickchartButton(document);\n","      </script>\n","      <style>\n","    .colab-df-container {\n","      display:flex;\n","      flex-wrap:wrap;\n","      gap: 12px;\n","    }\n","\n","    .colab-df-convert {\n","      background-color: #E8F0FE;\n","      border: none;\n","      border-radius: 50%;\n","      cursor: pointer;\n","      display: none;\n","      fill: #1967D2;\n","      height: 32px;\n","      padding: 0 0 0 0;\n","      width: 32px;\n","    }\n","\n","    .colab-df-convert:hover {\n","      background-color: #E2EBFA;\n","      box-shadow: 0px 1px 2px rgba(60, 64, 67, 0.3), 0px 1px 3px 1px rgba(60, 64, 67, 0.15);\n","      fill: #174EA6;\n","    }\n","\n","    [theme=dark] .colab-df-convert {\n","      background-color: #3B4455;\n","      fill: #D2E3FC;\n","    }\n","\n","    [theme=dark] .colab-df-convert:hover {\n","      background-color: #434B5C;\n","      box-shadow: 0px 1px 3px 1px rgba(0, 0, 0, 0.15);\n","      filter: drop-shadow(0px 1px 2px rgba(0, 0, 0, 0.3));\n","      fill: #FFFFFF;\n","    }\n","  </style>\n","\n","      <script>\n","        const buttonEl =\n","          document.querySelector('#df-0a90c154-1db0-4a96-9784-19cdb345ad62 button.colab-df-convert');\n","        buttonEl.style.display =\n","          google.colab.kernel.accessAllowed ? 'block' : 'none';\n","\n","        async function convertToInteractive(key) {\n","          const element = document.querySelector('#df-0a90c154-1db0-4a96-9784-19cdb345ad62');\n","          const dataTable =\n","            await google.colab.kernel.invokeFunction('convertToInteractive',\n","                                                     [key], {});\n","          if (!dataTable) return;\n","\n","          const docLinkHtml = 'Like what you see? Visit the ' +\n","            '<a target=\"_blank\" href=https://colab.research.google.com/notebooks/data_table.ipynb>data table notebook</a>'\n","            + ' to learn more about interactive tables.';\n","          element.innerHTML = '';\n","          dataTable['output_type'] = 'display_data';\n","          await google.colab.output.renderOutput(dataTable, element);\n","          const docLink = document.createElement('div');\n","          docLink.innerHTML = docLinkHtml;\n","          element.appendChild(docLink);\n","        }\n","      </script>\n","    </div>\n","  </div>\n"],"text/plain":["                    K_D           K_a       K_d\n","Lot Number                                     \n","027          198.993459  8.530626e+05  0.001935\n","029          168.385682  6.542965e+05  0.000054\n","033          156.406396  7.106983e+05  0.003911\n","041          264.493093  4.286998e+05  0.000875\n","046          197.194545  3.039086e+05  0.000441\n","096          161.358705  1.120493e+06  0.002695\n","097          116.796455  1.108395e+06  0.000020\n","101          307.643944  6.837184e+05  0.002411\n","112          241.095654  2.113961e+05  0.000435\n","184          521.422665  3.718038e+05  0.035127\n","185           72.760264  2.454712e+06  0.003305\n","186           58.079447  2.045889e+06  0.000203\n","187          116.182383  1.090106e+06  0.000010\n","192          260.593726  9.377912e+05  0.133643\n","194           55.365369  1.446574e+06  0.196331\n","195          328.028406  1.206398e+05  0.012763\n","197           98.234647  5.131699e+05  0.000025\n","198           83.978693  9.626774e+05  0.000049\n","202           23.815036  8.973862e+05  0.000182\n","205           33.541468  3.103371e+06  0.000485\n","206           77.446925  1.102637e+06  0.043358\n","208          188.278512  1.944932e+06  0.000916\n","211           43.162508  2.238320e+06  0.000010\n","212           14.686810  2.869700e+05  0.000010\n","213          365.962210  3.779364e+04  0.000729\n","216           23.181355  1.811332e+06  0.000985\n","217          316.860874  2.953458e+05  0.000015\n","218          422.729093  7.625197e+05  0.001792\n","219         2303.887176  3.155481e+05  0.000015\n","220          536.252682  4.458164e+05  0.006825\n","222          366.350346  4.104733e+05  0.000570\n","223           46.161380  1.995494e+06  0.000631\n","224          666.647456  5.204080e+05  0.000010\n","226           55.535441  1.851841e+06  0.000060"]},"metadata":{},"output_type":"display_data"}],"source":["display(avg)"]},{"cell_type":"code","execution_count":null,"metadata":{"id":"PPghlSETvZLN"},"outputs":[],"source":["#Generating the Graphs\n","graph = merge.drop(labels='Lot Number', axis=1)\n","dict_e = {0: 'K_a Avg', 1: 'k_d Avg', 2:'k_D Avg'}\n","\n","graph = merge.drop(labels='Lot Number', axis=1)\n","\n","fig, axs = plt.subplots(len(graph.columns), figsize=(15,20))\n","fig.subplots_adjust(hspace=.6)\n","\n","for i, j in dict_e.items():\n","  axs[i].bar(graph.index, graph.iloc[:, i])\n","  axs[i].title.set_text(j)\n","  axs[i].set_ylabel('Value')\n","  axs[i].set_xlabel('Clone ID')\n","  axs[i].tick_params(axis='x', labelrotation=60)\n","\n","images_dir = '/content/drive/My Drive/'\n","plt.savefig(f\"{images_dir}/Carterra_Graphs.png\")\n","\n","plt.show()"]}],"metadata":{"colab":{"authorship_tag":"ABX9TyNL0/U9di75IoFLR1lPk0jK","mount_file_id":"1KJHSCmAe_MDeuZ0zYsqlAv7EC_eWJW7Z","provenance":[]},"kernelspec":{"display_name":"Python 3","name":"python3"},"language_info":{"name":"python"}},"nbformat":4,"nbformat_minor":0}
